6.964691880000000168e-01 2.861393389999999926e-01 2.268514480000000111e-01 5.513147710000000368e-01 7.194689509999999677e-01 4.231064620000000165e-01 9.807642100000000251e-01 6.848297119999999794e-01 4.809319080000000191e-01 3.921175299999999919e-01
3.431780039999999810e-01 7.290496829999999484e-01 4.385722579999999926e-01 5.967789519999999737e-02 3.980442579999999841e-01 7.379953860000000310e-01 1.824917349999999883e-01 1.754517559999999865e-01 5.315513610000000000e-01 5.318275690000000555e-01
6.344009640000000116e-01 8.494318130000000355e-01 7.244552969999999981e-01 6.110234860000000046e-01 7.224434020000000123e-01 3.229589159999999848e-01 3.617886599999999842e-01 2.282632290000000119e-01 2.937140460000000064e-01 6.309761400000000187e-01
9.210494160000000374e-02 4.337011869999999880e-01 4.308627549999999862e-01 4.936850970000000172e-01 4.258303050000000201e-01 3.122612240000000039e-01 4.263513090000000116e-01 8.933891649999999851e-01 9.441600439999999761e-01 5.018366579999999910e-01
6.239529249999999916e-01 1.156183929999999999e-01 3.172854780000000097e-01 4.148262140000000264e-01 8.663091659999999639e-01 2.504553789999999780e-01 4.830342530000000245e-01 9.855597619999999504e-01 5.194851160000000245e-01 6.128945350000000181e-01
1.206286619999999976e-01 8.263407950000000168e-01 6.030601260000000297e-01 5.450680260000000388e-01 3.427638410000000135e-01 3.041207790000000077e-01 4.170221980000000106e-01 6.813007589999999780e-01 8.754568700000000536e-01 5.104223490000000529e-01
6.693137879999999651e-01 5.859365460000000025e-01 6.249034999999999451e-01 6.746890540000000103e-01 8.423424360000000277e-01 8.319498599999999855e-02 7.636828420000000284e-01 2.436663809999999875e-01 1.942229570000000016e-01 5.724569560000000168e-01
9.571252019999999805e-02 8.853268029999999955e-01 6.272489430000000032e-01 7.234163279999999974e-01 1.612920690000000171e-02 5.944318769999999974e-01 5.567851660000000535e-01 1.589596420000000121e-01 1.530705089999999935e-01 6.955295209999999839e-01
3.187664150000000252e-01 6.919702890000000162e-01 5.543832779999999794e-01 3.889505859999999871e-01 9.251325129999999897e-01 8.416699770000000136e-01 3.573975560000000051e-01 4.359146209999999882e-02 3.047680850000000219e-01 3.981856699999999916e-01
7.049588559999999671e-01 9.953584669999999690e-01 3.559148610000000268e-01 7.625477910000000303e-01 5.931769009999999787e-01 6.917017699999999936e-01 1.511274579999999923e-01 3.988762800000000275e-01 2.408559020000000106e-01 3.434559999999999835e-01
5.131281610000000271e-01 6.666245459999999845e-01 1.059084829999999977e-01 1.308949440000000131e-01 3.219805960000000078e-01 6.615643500000000232e-01 8.465062380000000219e-01 5.532573459999999832e-01 8.544524909999999807e-01 3.848378060000000045e-01
3.167878989999999839e-01 3.542646769999999723e-01 1.710818259999999924e-01 8.291126490000000349e-01 3.386708500000000233e-01 5.523700710000000180e-01 5.785514710000000393e-01 5.215330719999999864e-01 2.688064469999999848e-03 9.883454440000000174e-01
9.053415660000000420e-01 2.076358650000000028e-01 2.924894089999999780e-01 5.200101729999999645e-01 9.019113779999999858e-01 9.836308959999999768e-01 2.575420740000000097e-01 5.643590689999999910e-01 8.069686889999999613e-01 3.943700490000000003e-01
7.310730220000000168e-01 1.610690210000000067e-01 6.006985900000000322e-01 8.658644559999999490e-01 9.835215809999999781e-01 7.936578989999999723e-02 4.283472899999999917e-01 2.045428599999999930e-01 4.506364760000000080e-01 5.477635859999999690e-01
9.332671019999999595e-02 2.968607839999999887e-01 9.275842309999999813e-01 5.690037610000000523e-01 4.574120039999999832e-01 7.535259720000000438e-01 7.418621779999999832e-01 4.857903350000000037e-02 7.086973789999999607e-01 8.392433519999999980e-01
1.659378860000000067e-01 7.809979320000000058e-01 2.865366039999999725e-01 3.064697379999999916e-01 6.652614470000000058e-01 1.113921699999999987e-01 6.648724679999999942e-01 8.878567809999999838e-01 6.963112949999999968e-01 4.403278829999999755e-01
4.382143909999999809e-01 7.650960679999999625e-01 5.656419990000000064e-01 8.490416409999999858e-02 5.826711060000000497e-01 8.148437139999999967e-01 3.370663819999999977e-01 9.275766020000000278e-01 7.507169839999999761e-01 5.740638380000000485e-01
7.516440149999999987e-01 7.914896309999999713e-02 8.593890669999999510e-01 8.215041159999999509e-01 9.098716380000000381e-01 1.286312039999999990e-01 8.178008350000000315e-02 1.384155750000000129e-01 3.993787169999999942e-01 4.243068700000000026e-01
5.622183680000000239e-01 1.222435459999999946e-01 2.013995050000000064e-01 8.116443749999999735e-01 4.679875669999999932e-01 8.079382179999999858e-01 7.426378320000000428e-03 5.515927080000000426e-01 9.319321510000000419e-01 5.821754340000000472e-01
2.060957250000000074e-01 7.177575830000000323e-01 3.789858520000000119e-01 6.683839560000000013e-01 2.931972219999999865e-02 6.359003779999999884e-01 3.219793359999999910e-02 7.447806599999999833e-01 4.729129970000000016e-01 1.217543559999999941e-01
5.426359179999999949e-01 6.677444280000000010e-02 6.533648970000000000e-01 9.960862990000000083e-01 7.693973179999999967e-01 5.737740989999999819e-01 1.026352569999999936e-01 6.998340490000000136e-01 6.611678600000000516e-01 4.909713190000000033e-02
7.922993299999999683e-01 5.187165740000000413e-01 4.258677069999999842e-01 7.881871459999999496e-01 4.115692380000000039e-01 4.810262619999999822e-01 1.816288379999999869e-01 3.213188949999999933e-01 8.455330130000000555e-01 1.869037450000000100e-01
4.172910750000000113e-01 9.890345339999999652e-01 2.365998179999999895e-01 9.168323280000000297e-01 9.183974860000000406e-01 9.129634500000000097e-02 4.636527300000000129e-01 5.022163389999999561e-01 3.136689360000000093e-01 4.733953619999999723e-02
2.416856440000000050e-01 9.552963820000000272e-02 2.382499130000000076e-01 8.077911140000000323e-01 8.949782849999999845e-01 4.322289299999999834e-02 3.019468490000000171e-01 9.805821780000000265e-01 5.395048260000000484e-01 6.263093349999999671e-01
5.545408459999999831e-03 4.849094449999999945e-01 9.883285160000000458e-01 3.751855190000000229e-01 9.703815729999999695e-02 4.619087579999999749e-01 9.630044700000000013e-01 3.418306110000000064e-01 7.989227180000000317e-01 7.988463040000000071e-01
2.082483019999999962e-01 4.433676899999999810e-01 7.156012649999999864e-01 4.105197789999999736e-01 1.910069580000000045e-01 9.674943089999999968e-01 6.507503390000000110e-01 8.654598589999999980e-01 2.524235840000000133e-02 2.669058140000000190e-01
5.020710830000000291e-01 6.744863839999999666e-02 9.930332899999999574e-01 2.364623989999999898e-01 3.742921949999999942e-01 2.140119080000000007e-01 1.054458689999999976e-01 2.324797809999999965e-01 3.006101250000000058e-01 6.344422699999999748e-01
2.812347709999999945e-01 3.622767630000000016e-01 5.942843849999999810e-03 3.657191399999999981e-01 5.338859559999999949e-01 1.620158399999999943e-01 5.974330900000000000e-01 2.931524810000000203e-01 6.320505140000000077e-01 2.619660459999999941e-02
8.875934479999999516e-01 1.611863079999999865e-02 1.269580270000000011e-01 7.771624329999999858e-01 4.589523379999999736e-02 7.109987140000000316e-01 9.710461500000000523e-01 8.716829419999999606e-01 7.101616259999999903e-01 9.585097430000000251e-01
4.298133250000000238e-01 8.728789089999999806e-01 3.559576569999999829e-01 9.297636750000000117e-01 1.487776490000000118e-01 9.400290249999999626e-01 8.327162270000000310e-01 8.460548519999999684e-01 1.239230109999999996e-01 5.964869259999999729e-01
1.639248059999999854e-02 7.211843730000000452e-01 7.737514099999999624e-03 8.482227470000000547e-02 2.254984080000000113e-01 8.751245140000000200e-01 3.635763229999999790e-01 5.399599080000000439e-01 5.681031939999999780e-01 2.254633610000000010e-01
5.721467730000000529e-01 6.609517929999999541e-01 2.982453999999999938e-01 4.186268450000000252e-01 4.530889390000000239e-01 9.323506360000000104e-01 5.874937770000000503e-01 9.482523800000000058e-01 5.560347439999999697e-01 5.005614160000000368e-01
3.532211060000000138e-03 4.808890519999999835e-01 9.274550080000000252e-01 1.983656880000000122e-01 5.209113280000000207e-02 4.067789019999999978e-01 3.723964690000000077e-01 8.571530579999999677e-01 2.661111580000000143e-02 9.201492070000000245e-01
6.809030179999999710e-01 9.042260050000000549e-01 6.075290439999999625e-01 8.119533060000000413e-01 3.355438709999999936e-01 3.495662210000000103e-01 3.898742199999999936e-01 7.547971009999999703e-01 3.692911859999999935e-01 2.422198060000000097e-01
9.376683829999999942e-01 9.080110789999999987e-01 3.487973209999999935e-01 6.346380710000000258e-01 2.738422160000000272e-01 2.061151270000000091e-01 3.363395330000000238e-01 3.270998900000000043e-01 8.822761180000000536e-01 8.223038320000000123e-01
7.096232179999999445e-01 9.593452220000000530e-01 4.225433470000000136e-01 2.450330410000000070e-01 1.173984410000000062e-01 3.010533450000000277e-01 1.452637310000000070e-01 9.218610080000000373e-02 6.029322150000000491e-01 3.641874489999999964e-01
5.645703669999999619e-01 1.913357230000000131e-01 6.769058700000000206e-01 2.155054509999999868e-01 2.780236010000000091e-01 7.417604330000000523e-01 5.597379209999999716e-01 3.348364229999999941e-01 5.429887770000000335e-01 6.939846870000000445e-01
9.121321439999999781e-01 5.807132120000000342e-01 2.326863859999999951e-01 7.466976050000000420e-01 7.777690290000000006e-01 2.004013209999999934e-01 8.205742240000000187e-01 4.649348560000000075e-01 7.797666789999999626e-01 2.374782259999999867e-01
3.325802680000000122e-01 9.536971450000000239e-01 6.578150990000000142e-01 7.728778120000000529e-01 6.883743409999999452e-01 2.043041140000000089e-01 4.706887599999999838e-01 8.089638949999999884e-01 6.750351190000000168e-01 6.027885709999999952e-03
8.740774540000000037e-02 3.467947239999999987e-01 9.443655610000000200e-01 4.911904930000000058e-01 2.701762620000000004e-01 3.604237140000000061e-01 2.106526350000000047e-01 4.212000670000000113e-01 2.180354449999999944e-01 8.457524779999999742e-01
4.562706049999999958e-01 2.798020239999999825e-01 9.328916670000000355e-01 3.143513499999999738e-01 9.097146390000000471e-01 4.341809080000000320e-02 7.071150539999999651e-01 4.838890430000000187e-01 4.442210500000000062e-01 3.632334620000000208e-02
4.068319129999999756e-02 3.327536280000000235e-01 9.471195340000000407e-01 6.176599860000000497e-01 3.688748479999999774e-01 6.119770410000000549e-01 2.061315330000000057e-01 1.650664360000000108e-01 3.618172709999999959e-01 8.633533719999999523e-01
5.094017389999999645e-01 2.969015240000000277e-01 9.502516389999999813e-01 8.159660699999999878e-01 3.229739369999999887e-01 9.720982310000000348e-01 9.873511200000000265e-01 4.086601440000000030e-01 6.559231279999999664e-01 4.056532079999999874e-01
2.573481200000000135e-01 8.265267310000000422e-02 2.636103329999999745e-01 2.714798449999999974e-01 3.986390830000000052e-01 1.848860380000000025e-01 9.538183810000000484e-01 1.028798820000000058e-01 6.252085569999999981e-01 4.416973889999999958e-01
4.235180619999999729e-01 3.719917830000000203e-01 8.683146830000000316e-01 2.804769870000000109e-01 2.057615670000000063e-02 9.180970189999999587e-01 8.644802569999999742e-01 2.769017819999999852e-01 5.234875679999999587e-01 1.090881969999999979e-01
9.342706950000000121e-02 8.374661209999999523e-01 4.102657140000000036e-01 6.617165210000000020e-01 9.432005879999999509e-01 2.451305990000000046e-01 1.315983109999999991e-02 2.414840650000000047e-02 7.093856929999999839e-01 9.245519039999999800e-01
4.673302770000000161e-01 3.751091360000000097e-01 5.428604479999999954e-01 8.589168190000000536e-01 6.521538500000000349e-01 2.329798939999999929e-01 7.745801810000000343e-01 1.346134989999999976e-01 1.655599769999999971e-01 6.126822830000000497e-01
2.387834040000000047e-01 7.047785519999999471e-01 3.495185379999999897e-01 2.774239479999999758e-01 9.989184140000000323e-01 4.061612490000000159e-02 6.458225250000000361e-01 3.869958589999999976e-02 7.602102760000000181e-01 2.300899620000000090e-01
8.983186629999999340e-02 6.484497190000000355e-01 7.326012250000000225e-01 6.780953410000000181e-01 5.190094559999999801e-02 2.943069340000000200e-01 4.510883390000000048e-01 2.871032949999999806e-01 8.105134370000000033e-01 1.311151090000000075e-01
6.121793389999999890e-01 9.882149700000000259e-01 9.025565389999999910e-01 2.221570609999999890e-01 8.188761420000000674e-05 9.805973169999999683e-01 8.827129599999999909e-01 9.194724560000000491e-01 4.155035610000000212e-01 7.446154360000000194e-01
2.128314970000000084e-01 3.923040629999999807e-01 8.515480760000000426e-01 1.276122179999999995e-01 8.938653469999999768e-01 4.965079720000000196e-01 4.260956650000000123e-01 3.056463899999999900e-01 9.168487789999999471e-01 5.176234840000000226e-01
8.040263650000000206e-01 8.576517700000000355e-01 9.223823549999999871e-01 3.033807279999999884e-01 3.398108479999999987e-01 5.950738789999999723e-01 4.413241450000000010e-01 9.328425529999999632e-01 3.975640540000000001e-01 4.777780469999999835e-01
6.171860689999999483e-01 4.047394990000000026e-01 9.924784300000000226e-01 9.885128590000000215e-02 2.206033169999999932e-01 3.226551409999999787e-01 1.477228399999999942e-01 2.842192350000000145e-01 7.792453169999999929e-01 5.228919979999999690e-01
3.395363690000000045e-02 9.826225640000000316e-01 6.160064939999999600e-01 5.893947930000000002e-02 6.611687539999999697e-01 3.783693610000000151e-01 1.356732989999999972e-01 5.636646149999999800e-01 7.270799279999999865e-01 6.711266040000000155e-01
2.475131600000000098e-01 5.248662229999999651e-01 5.376634599999999820e-01 7.168033719999999942e-01 3.598673339999999832e-01 7.977325920000000181e-01 6.279218199999999639e-01 3.833160549999999750e-02 5.464790459999999683e-01 8.619120719999999736e-01
5.675741429999999754e-01 1.758282630000000124e-01 5.103763940000000110e-01 7.569458479999999767e-01 1.101051940000000035e-01 8.170990940000000258e-01 1.674816460000000118e-01 5.340765119999999477e-01 3.857434690000000055e-01 2.486237729999999924e-01
6.474325060000000187e-01 3.739210960000000084e-02 7.600458260000000354e-01 5.269406439999999581e-01 8.757712239999999593e-01 5.207183359999999483e-01 3.503317009999999676e-02 1.436009709999999939e-01 7.956045870000000297e-01 4.919760530000000243e-01
4.418792719999999896e-01 3.184347750000000032e-01 2.845492059999999990e-01 9.658862950000000058e-01 4.329693319999999845e-01 8.840030429999999884e-01 6.481631399999999710e-01 8.584276440000000452e-01 8.524495359999999522e-01 9.563120010000000226e-01
6.979422570000000103e-01 8.053969140000000193e-01 7.331278919999999477e-01 6.052268149999999736e-01 7.173541190000000123e-01 7.157503960000000109e-01 4.090779270000000079e-02 5.161108370000000445e-01 7.926513549999999464e-01 2.429621819999999988e-01
4.651479720000000206e-01 4.349856970000000045e-01 4.027871789999999952e-01 1.218395310000000009e-01 5.257115359999999793e-01 4.462483529999999865e-01 6.633927819999999587e-01 5.494130849999999677e-01 2.754293010000000153e-02 3.191798929999999784e-02
7.013598079999999735e-01 7.075811029999999890e-01 9.599391219999999780e-01 8.767046929999999794e-01 4.680596590000000168e-01 6.259065270000000458e-01 4.571817220000000126e-01 2.229462409999999895e-01 3.766770059999999809e-01 1.038842350000000053e-01
6.665270920000000432e-01 1.920301470000000121e-01 4.754678010000000232e-01 9.674366119999999736e-01 3.166893120000000006e-02 1.517299559999999992e-01 2.985791859999999964e-01 9.418069719999999645e-01 9.088417890000000110e-01 1.620008350000000097e-01
9.811177850000000200e-01 7.507475019999999555e-01 5.399770739999999458e-01 9.317029119999999942e-01 8.806071279999999613e-01 3.913165029999999822e-01 6.563432219999999484e-01 6.473851200000000361e-01 3.269681930000000181e-01 1.793901770000000118e-01
4.668098689999999884e-01 2.632810469999999903e-01 3.550651369999999751e-01 9.541439409999999954e-01 4.611378609999999822e-01 6.848914619999999509e-01 3.362298910000000030e-01 9.958610530000000516e-01 6.587675809999999910e-01 1.960094719999999902e-01
9.818399699999999508e-02 9.431805610000000284e-01 9.447778460000000322e-01 6.213283539999999716e-01 1.699149980000000046e-02 2.255348859999999900e-01 8.012768030000000374e-01 8.754598500000000394e-01 4.539898039999999968e-01 3.655206260000000151e-01
2.742249970000000259e-01 1.169705169999999961e-01 1.157445389999999935e-01 9.526026840000000329e-01 8.086261150000000342e-01 1.647793650000000110e-01 2.070500550000000106e-01 6.555515530000000091e-01 7.646642329999999710e-01 8.103148340000000394e-01
1.633376930000000060e-01 9.841282959999999580e-01 2.278020679999999965e-01 5.894154310000000452e-01 5.876157279999999483e-01 9.673618670000000419e-01 6.576674580000000381e-01 5.849042530000000406e-01 5.187726019999999716e-01 7.646575570000000432e-01
1.060552599999999984e-01 2.091901140000000051e-03 9.524888400000000033e-01 4.986576739999999952e-01 3.283353749999999849e-01 3.680532570000000225e-01 8.038433189999999451e-01 3.823702039999999913e-01 7.701691990000000265e-01 4.404619929999999961e-01
8.440774680000000529e-01 7.620406150000000323e-02 4.811283350000000181e-01 4.668497149999999984e-01 2.643279729999999939e-01 9.436147209999999896e-01 9.050284619999999780e-01 4.435963030000000251e-01 9.715960919999999668e-02 2.067831460000000010e-01
2.714918259999999917e-01 4.842197599999999991e-01 3.383771179999999767e-01 7.741360659999999561e-01 4.760265949999999968e-01 8.703705069999999600e-01 9.957817789999999780e-01 2.198359520000000011e-01 6.116713879999999826e-01 8.475022909999999632e-01
9.452366229999999980e-01 2.900864180000000125e-01 7.270427350000000510e-01 1.501614880000000027e-02 8.791424629999999851e-01 6.393855069999999918e-02 7.333953979999999762e-01 9.946103689999999942e-01 5.011897680000000355e-01 2.093339859999999997e-01
5.946435930000000258e-01 6.241499780000000497e-01 6.680727600000000432e-01 1.726117430000000119e-01 8.987126949999999503e-01 6.209913489999999703e-01 4.356870429999999683e-02 6.840410829999999942e-01 1.960840520000000087e-01 2.734078090000000016e-02
5.509532689999999677e-01 8.133136629999999645e-01 8.599411249999999729e-01 1.035209220000000013e-01 6.630427840000000517e-01 7.100752000000000175e-01 2.945169810000000110e-01 9.713640209999999664e-01 2.786874770000000168e-01 6.998218600000000178e-02
5.192803740000000445e-01 6.943148970000000419e-01 2.446597809999999928e-01 3.385821880000000061e-01 5.636279579999999845e-01 8.866781590000000213e-01 7.473258969999999612e-01 2.095919549999999965e-01 2.517770830000000126e-01 5.238806609999999697e-01
7.689586880000000013e-01 6.187617779999999845e-01 5.013242959999999471e-01 5.971253509999999709e-01 7.560600039999999522e-01 5.370798110000000181e-01 8.977527619999999819e-01 9.470674989999999793e-01 9.153544900000000206e-01 7.545183300000000148e-01
2.463210080000000080e-01 3.852714600000000100e-01 2.799999420000000017e-01 6.576602459999999484e-01 3.242216110000000207e-01 7.543916109999999620e-01 1.135090809999999978e-01 7.753647569999999600e-01 5.859019760000000465e-01 8.353886600000000051e-01
4.308756590000000219e-01 6.249644760000000465e-01 5.544121269999999768e-01 9.756712910000000516e-01 7.554743889999999684e-01 5.448132749999999858e-01 1.740320919999999993e-01 9.041142460000000103e-01 2.058377859999999948e-01 6.500432489999999897e-01
9.364718789999999515e-01 2.235796300000000014e-01 2.259235380000000071e-01 8.518189189999999522e-01 8.276550169999999929e-01 3.517033459999999723e-01 2.650962769999999913e-01 1.273884770000000000e-01 9.879360799999999943e-01 8.353431220000000490e-01
8.993915919999999620e-01 5.136793259999999917e-01 1.143848300000000068e-01 5.258033799999999730e-02 3.305821119999999835e-01 9.203304049999999625e-01 9.475818280000000149e-01 8.411638740000000336e-01 1.586791429999999947e-01 4.199231560000000196e-01
2.462429260000000009e-01 2.053497730000000132e-01 6.848258379999999645e-01 4.861116710000000229e-01 3.249096570000000184e-01 1.002144590000000057e-01 5.447633859999999606e-01 3.470251560000000013e-01 3.910958170000000123e-01 3.105087280000000116e-01
3.871952000000000171e-01 5.558595659999999716e-01 1.414380600000000009e-02 8.476470109999999503e-01 9.219198819999999683e-01 5.505297179999999457e-01 2.680211069999999807e-01 9.902390239999999677e-01 3.831940289999999916e-01 6.936553720000000478e-01
6.899525520000000522e-01 4.343090649999999941e-01 1.991581619999999997e-01 9.665793780000000446e-01 6.369085609999999842e-02 4.851493840000000168e-01 2.207307069999999982e-01 2.939741310000000274e-01 8.285273309999999780e-01 3.672655519999999951e-01
8.334826680000000099e-02 1.963090000000000113e-01 8.603734370000000187e-01 9.770288470000000336e-01 2.679821549999999997e-01 6.754089589999999754e-01 8.119899780000000566e-02 7.234656210000000032e-01 4.164366130000000110e-01 9.181599019999999722e-01
3.115361629999999771e-01 9.414669869999999774e-01 5.032474399999999903e-01 3.488929270000000193e-01 6.470196249999999871e-01 2.497462029999999999e-01 2.297635970000000138e-01 1.963464470000000073e-01 9.598995449999999652e-01 4.929137230000000258e-01
7.516149880000000394e-01 4.739918710000000091e-01 5.875401500000000388e-01 5.841389890000000529e-01 9.798862929999999638e-01 6.684331300000000420e-01 2.397694740000000102e-01 1.519765889999999918e-02 2.186821399999999971e-01 4.555196460000000003e-01
3.934203390000000078e-01 8.123262519999999709e-01 7.855567340000000343e-01 8.909596499999999919e-02 9.520107509999999884e-01 5.274567009999999723e-01 5.964039559999999573e-01 4.050567749999999800e-01 6.495009659999999574e-01 8.713263270000000116e-01
6.739359499999999503e-01 9.700985549999999735e-01 7.011222240000000161e-01 8.217207189999999883e-01 4.503958300000000109e-02 6.726984980000000336e-01 6.547526719999999800e-01 1.017460530000000030e-01 8.423874970000000406e-01 6.141723989999999800e-01
9.832809119999999514e-02 5.944671030000000522e-01 4.784158470000000052e-01 2.332935630000000093e-01 1.975608989999999912e-02 3.655672669999999735e-01 6.198510529999999852e-01 3.292791250000000058e-01 3.072546420000000222e-01 7.511212229999999490e-01
7.586246730000000271e-01 7.187658550000000091e-01 1.011819540000000045e-01 5.161659720000000284e-01 5.577986839999999891e-01 7.448045020000000349e-01 9.031777380000000077e-01 3.690388800000000136e-01 4.286634619999999951e-01 7.327674629999999523e-01
6.626363990000000426e-01 5.578699110000000516e-01 3.501396179999999858e-01 1.953523460000000100e-01 1.838073729999999961e-01 8.158329129999999929e-02 8.120085300000000339e-02 8.457981940000000032e-01 3.836727440000000100e-01 6.073962150000000032e-02
8.964256640000000109e-01 2.232704759999999955e-01 2.681244309999999964e-01 1.944978390000000057e-01 9.675010440000000322e-01 1.125400889999999959e-01 7.221632599999999735e-01 9.320887329999999471e-01 6.680012939999999677e-01 8.587266209999999678e-01
2.424471079999999945e-01 6.739279630000000187e-01 7.008713479999999496e-01 4.583325089999999991e-01 8.705456259999999613e-01 6.943861249999999652e-01 8.948777909999999780e-01 7.532043459999999691e-01 5.202904339999999683e-01 4.986882209999999871e-01
4.537276330000000191e-01 2.164686279999999963e-02 5.351414079999999851e-01 4.229732449999999977e-01 1.575336009999999953e-01 1.190696950000000032e-01 4.493518770000000107e-01 3.991305459999999750e-02 9.865798949999999845e-01 3.781209289999999945e-01
3.821091950000000126e-01 5.112630130000000300e-02 4.266723390000000116e-01 1.574543679999999835e-02 3.009363259999999970e-02 3.390992279999999748e-01 8.209689260000000433e-01 4.588210879999999880e-01 1.484057960000000065e-02 1.632200329999999866e-01
7.399227019999999877e-01 7.382937069999999657e-01 7.545229199999999858e-01 3.516693710000000084e-01 3.522769510000000048e-01 8.020756839999999555e-01 3.981378970000000184e-01 7.271910310000000432e-01 5.811229940000000038e-01 3.643416760000000032e-01
8.000651749999999895e-02 1.161253750000000029e-01 8.895587329999999904e-01 4.523405129999999996e-01 9.940045480000000433e-01 3.638969360000000042e-01 2.499542979999999914e-01 3.505393270000000117e-01 3.430860940000000081e-01 6.373567580000000232e-01
1.273756380000000063e-02 7.632686499999999929e-01 4.164146180000000141e-01 4.322392050000000152e-01 4.811150129999999803e-01 4.492124619999999791e-01 4.974708860000000010e-01 3.459043199999999874e-01 4.533461329999999845e-01 4.046513440000000239e-01
5.182427170000000194e-01 6.232690810000000026e-01 2.410406019999999927e-01 5.084371570000000284e-01 5.946218970000000104e-01 1.694831440000000092e-02 5.204937459999999794e-01 2.392932469999999867e-01 4.045385420000000010e-01 8.265301590000000420e-01
3.262355920000000187e-01 4.832169119999999984e-01 2.474115420000000051e-02 3.087508680000000116e-01 6.397210960000000446e-01 3.151617649999999826e-01 2.057975079999999901e-01 2.906556730000000033e-01 9.543783070000000368e-01 8.680181950000000202e-02
4.633577759999999990e-01 5.838690330000000095e-02 5.386582610000000271e-01 1.460357310000000020e-01 6.340848209999999652e-01 2.643974720000000223e-01 6.909154060000000097e-01 3.471460639999999764e-01 4.168488550000000112e-03 2.948946949999999845e-01
